3
5 10 1
0 2 30 5
2 0 20 1
30 20 0 5
5 1 5 0 
11
25 20 13 95 87 77 72 23 82 100 74 
0 1207 5338 4805 3092 8911 10000 200 6139 5572 7926 6067 
1207 0 8342 7662 3592 8260 9131 2280 2933 3195 8511 7790 
5338 8342 0 7566 3769 5305 4100 9875 7665 4638 2312 6669 
4805 7662 7566 0 3 6866 2248 2751 9017 3016 2032 5781 
3092 3592 3769 3 0 9687 83 3065 606 9253 4447 9376 
8911 8260 5305 6866 9687 0 6724 5576 6325 2054 1621 9102 
10000 9131 4100 2248 83 6724 0 3355 1126 22 6997 2084 
200 2280 9875 2751 3065 5576 3355 0 9737 8311 9398 2120 
6139 2933 7665 9017 606 6325 1126 9737 0 7194 1773 9847 
5572 3195 4638 3016 9253 2054 22 8311 7194 0 9508 2241 
7926 8511 2312 2032 4447 1621 6997 9398 1773 9508 0 845 
6067 7790 6669 5781 9376 9102 2084 2120 9847 2241 845 0 
13
57 1 98 96 69 70 100 64 17 26 11 91 37 
0 834 6559 4494 3188 3532 9925 3814 309 4840 2540 1670 2336 2684 
834 0 9792 3556 8175 4310 5347 875 1454 1568 4852 7686 5712 1761 
6559 9792 0 2882 3635 1836 1129 2826 9958 6641 1861 928 2055 3951 
4494 3556 2882 0 8804 1488 9964 4434 5440 8556 3144 8702 5623 7787 
3188 8175 3635 8804 0 8598 2017 5880 690 7239 1238 7152 4097 6709 
3532 4310 1836 1488 8598 0 7902 7300 6522 4320 8363 9878 199 738 
9925 5347 1129 9964 2017 7902 0 2235 6258 5170 8767 9291 7047 431 
3814 875 2826 4434 5880 7300 2235 0 7452 2159 3382 5430 837 8593 
309 1454 9958 5440 690 6522 6258 7452 0 8482 9439 6589 7491 7757 
4840 1568 6641 8556 7239 4320 5170 2159 8482 0 5854 2459 9887 4727 
2540 4852 1861 3144 1238 8363 8767 3382 9439 5854 0 9177 4494 7293 
1670 7686 928 8702 7152 9878 9291 5430 6589 2459 9177 0 196 1727 
2336 5712 2055 5623 4097 199 7047 837 7491 9887 4494 196 0 6876 
2684 1761 3951 7787 6709 738 431 8593 7757 4727 7293 1727 6876 0 
12
3 65 9 25 24 96 16 28 98 81 65 51 
0 7373 4572 6226 9242 1178 3505 1489 5643 294 918 3483 3395 
7373 0 8115 6557 1447 49 8751 344 5727 3850 3236 9028 406 
4572 8115 0 748 858 8903 5444 4712 8749 7021 1756 4774 8123 
6226 6557 748 0 8904 5548 1378 3171 8650 6401 5957 5133 1860 
9242 1447 858 8904 0 5415 1251 7249 9628 3505 9213 7067 7980 
1178 49 8903 5548 5415 0 1298 975 3946 8700 9031 7658 465 
3505 8751 5444 1378 1251 1298 0 641 8175 2791 1592 1056 5864 
1489 344 4712 3171 7249 975 641 0 4382 2887 5673 7900 8741 
5643 5727 8749 8650 9628 3946 8175 4382 0 6845 8588 9549 4922 
294 3850 7021 6401 3505 8700 2791 2887 6845 0 9679 9918 5707 
918 3236 1756 5957 9213 9031 1592 5673 8588 9679 0 6921 5585 
3483 9028 4774 5133 7067 7658 1056 7900 9549 9918 6921 0 192 
3395 406 8123 1860 7980 465 5864 8741 4922 5707 5585 192 0 
8
27 47 54 19 69 77 85 91 
0 7853 1653 444 5764 8899 8807 409 5681 
7853 0 6964 1483 2668 5683 2542 4514 3827 
1653 6964 0 7243 1045 5151 9361 856 9586 
444 1483 7243 0 7414 8710 9941 2383 8369 
5764 2668 1045 7414 0 6439 1226 2380 1361 
8899 5683 5151 8710 6439 0 8162 9015 9855 
8807 2542 9361 9941 1226 8162 0 4478 281 
409 4514 856 2383 2380 9015 4478 0 3045 
5681 3827 9586 8369 1361 9855 281 3045 0 
10
64 77 35 79 11 19 48 56 95 66 
0 1412 5237 6691 9441 1064 1761 9470 6179 7213 7423 
1412 0 883 1134 4851 9035 126 5711 3519 2005 7016 
5237 883 0 1463 1605 324 129 4583 9439 8896 4129 
6691 1134 1463 0 9630 5182 7113 7127 4417 5033 3117 
9441 4851 1605 9630 0 3673 1702 4873 209 7147 3141 
1064 9035 324 5182 3673 0 5147 5675 2568 9944 7409 
1761 126 129 7113 1702 5147 0 6903 6502 5867 3804 
9470 5711 4583 7127 4873 5675 6903 0 4864 9245 7995 
6179 3519 9439 4417 209 2568 6502 4864 0 9673 7436 
7213 2005 8896 5033 7147 9944 5867 9245 9673 0 814 
7423 7016 4129 3117 3141 7409 3804 7995 7436 814 0 
5
60 53 68 94 4 
0 7850 8747 1069 6027 4511 
7850 0 867 6509 657 7293 
8747 867 0 1366 8504 8482 
1069 6509 1366 0 2785 9047 
6027 657 8504 2785 0 3507 
4511 7293 8482 9047 3507 0 
4
45 11 32 59 
0 8610 3736 2705 7412 
8610 0 4628 2259 9626 
3736 4628 0 6158 1097 
2705 2259 6158 0 2619 
7412 9626 1097 2619 0 
6
93 6 95 78 72 76 
0 9372 5809 1982 8916 231 8438 
9372 0 5457 1473 751 9969 161 
5809 5457 0 8433 480 5785 1788 
1982 1473 8433 0 6764 8436 6991 
8916 751 480 6764 0 8453 2110 
231 9969 5785 8436 8453 0 6779 
8438 161 1788 6991 2110 6779 0 
13
37 16 62 74 61 24 21 78 22 32 59 22 38 
0 1847 452 2131 3141 7805 616 7439 6447 6990 5628 9700 8666 9684 
1847 0 7865 4869 9884 6166 972 9783 3854 9805 9775 5718 573 5817 
452 7865 0 8715 5356 7939 4994 7923 6053 4532 9634 2305 8577 3224 
2131 4869 8715 0 7796 5133 1305 6605 8340 9169 6442 4483 424 5179 
3141 9884 5356 7796 0 7076 3136 4727 5462 6906 3631 7234 1506 5884 
7805 6166 7939 5133 7076 0 859 3798 2239 9407 4261 605 7335 5659 
616 972 4994 1305 3136 859 0 407 3892 2382 2424 5029 7268 8849 
7439 9783 7923 6605 4727 3798 407 0 8509 7201 2463 3986 1142 5745 
6447 3854 6053 8340 5462 2239 3892 8509 0 3465 9539 2557 59 3735 
6990 9805 4532 9169 6906 9407 2382 7201 3465 0 7352 8567 9998 4622 
5628 9775 9634 6442 3631 4261 2424 2463 9539 7352 0 1680 3134 2648 
9700 5718 2305 4483 7234 605 5029 3986 2557 8567 1680 0 6309 4722 
8666 573 8577 424 1506 7335 7268 1142 59 9998 3134 6309 0 2818 
9684 5817 3224 5179 5884 5659 8849 5745 3735 4622 2648 4722 2818 0 
10
94 3 73 40 38 36 28 88 33 62 
0 7623 7047 8830 4974 828 3494 2765 8475 7332 1690 
7623 0 4816 1604 5222 7919 5671 9520 6635 6587 8840 
7047 4816 0 1490 2991 1492 6370 6808 6525 4528 1462 
8830 1604 1490 0 1184 9205 8230 1496 1255 4711 1910 
4974 5222 2991 1184 0 9761 5169 1702 6407 2731 236 
828 7919 1492 9205 9761 0 2753 5639 6414 8632 4014 
3494 5671 6370 8230 5169 2753 0 6598 1204 6268 2148 
2765 9520 6808 1496 1702 5639 6598 0 8941 7357 625 
8475 6635 6525 1255 6407 6414 1204 8941 0 3935 5381 
7332 6587 4528 4711 2731 8632 6268 7357 3935 0 4819 
1690 8840 1462 1910 236 4014 2148 625 5381 4819 0 
1
85 
0 3126 
3126 0 
4
97 21 49 35 
0 7014 4512 3830 7324 
7014 0 6734 7511 3478 
4512 6734 0 1531 5902 
3830 7511 1531 0 9969 
7324 3478 5902 9969 0 
6
90 65 97 55 14 88 
0 9400 2378 5 3957 5482 9020 
9400 0 6543 2945 1039 5148 6600 
2378 6543 0 3444 6846 5580 1178 
5 2945 3444 0 8642 9605 6643 
3957 1039 6846 8642 0 9376 752 
5482 5148 5580 9605 9376 0 9274 
9020 6600 1178 6643 752 9274 0 
13
69 97 69 71 20 30 99 5 68 80 27 14 28 
0 3800 6782 567 1104 6186 7369 4210 8044 370 7239 1147 6252 1473 
3800 0 9309 4917 8567 2540 1020 2358 3662 4075 8884 9144 9137 7397 
6782 9309 0 6485 8856 8544 9087 14 7910 5184 6928 8561 2384 3871 
567 4917 6485 0 6637 8689 3579 8292 2883 2483 8869 61 2577 9688 
1104 8567 8856 6637 0 1261 3295 2950 5717 5480 6846 1111 7612 6832 
6186 2540 8544 8689 1261 0 9284 1431 4189 7025 441 5542 2209 8163 
7369 1020 9087 3579 3295 9284 0 7919 9242 7169 2984 2722 7870 9336 
4210 2358 14 8292 2950 1431 7919 0 4516 4125 2747 9616 3407 2373 
8044 3662 7910 2883 5717 4189 9242 4516 0 93 2248 5415 5805 7156 
370 4075 5184 2483 5480 7025 7169 4125 93 0 9739 9947 9063 778 
7239 8884 6928 8869 6846 441 2984 2747 2248 9739 0 3121 6395 6621 
1147 9144 8561 61 1111 5542 2722 9616 5415 9947 3121 0 4731 9639 
6252 9137 2384 2577 7612 2209 7870 3407 5805 9063 6395 4731 0 6172 
1473 7397 3871 9688 6832 8163 9336 2373 7156 778 6621 9639 6172 0 
10
63 50 24 13 10 61 11 61 17 20 
0 7303 9984 5906 4698 841 3181 7700 7631 3070 5037 
7303 0 4627 8918 4254 1555 41 9335 8282 6836 1861 
9984 4627 0 2333 5110 8437 7678 1623 5628 5334 2757 
5906 8918 2333 0 9 6808 5620 6697 3125 5970 9254 
4698 4254 5110 9 0 2213 1873 284 6338 2789 8033 
841 1555 8437 6808 2213 0 9198 9517 194 6731 4896 
3181 41 7678 5620 1873 9198 0 5773 2235 6839 9801 
7700 9335 1623 6697 284 9517 5773 0 6163 3859 9687 
7631 8282 5628 3125 6338 194 2235 6163 0 3341 3047 
3070 6836 5334 5970 2789 6731 6839 3859 3341 0 3393 
5037 1861 2757 9254 8033 4896 9801 9687 3047 3393 0 
8
10 89 81 45 54 61 94 80 
0 4407 8259 9219 6493 8485 7083 5429 7831 
4407 0 8347 7240 2696 642 7668 3715 6883 
8259 8347 0 49 6232 6363 836 8224 894 
9219 7240 49 0 7201 5683 9467 2902 1512 
6493 2696 6232 7201 0 2630 7352 8383 5424 
8485 642 6363 5683 2630 0 9068 4299 5971 
7083 7668 836 9467 7352 9068 0 1158 9238 
5429 3715 8224 2902 8383 4299 1158 0 9265 
7831 6883 894 1512 5424 5971 9238 9265 0 
9
55 17 21 37 29 62 36 2 91 
0 7205 5588 3743 2062 4243 50 6265 8392 8670 
7205 0 3995 4790 220 640 2450 138 5397 1732 
5588 3995 0 3922 7016 3654 891 6516 1334 7394 
3743 4790 3922 0 3047 486 122 3905 7809 9636 
2062 220 7016 3047 0 5256 3631 3116 4155 8792 
4243 640 3654 486 5256 0 8900 7272 2863 9734 
50 2450 891 122 3631 8900 0 2586 6094 6576 
6265 138 6516 3905 3116 7272 2586 0 1648 6012 
8392 5397 1334 7809 4155 2863 6094 1648 0 1019 
8670 1732 7394 9636 8792 9734 6576 6012 1019 0 
13
80 88 53 48 85 72 58 66 32 46 35 7 31 
0 6195 5793 6036 4205 9069 1746 8588 4451 4689 8570 3917 6268 4606 
6195 0 3844 5636 258 1237 2209 8304 4854 5280 5816 6274 8506 9016 
5793 3844 0 5184 3145 8094 1609 667 6196 3848 9356 8237 8891 2406 
6036 5636 5184 0 123 8671 6565 9713 6454 8113 3897 1892 77 5224 
4205 258 3145 123 0 8340 1319 5240 565 7841 5271 5655 3629 3697 
9069 1237 8094 8671 8340 0 8649 7414 1461 7310 4737 2289 6473 3308 
1746 2209 1609 6565 1319 8649 0 5521 7422 7744 2052 7059 1909 7798 
8588 8304 667 9713 5240 7414 5521 0 5955 4460 7568 2163 1846 2301 
4451 4854 6196 6454 565 1461 7422 5955 0 5340 6087 9345 4080 5099 
4689 5280 3848 8113 7841 7310 7744 4460 5340 0 1998 8991 2203 6818 
8570 5816 9356 3897 5271 4737 2052 7568 6087 1998 0 6716 3526 5523 
3917 6274 8237 1892 5655 2289 7059 2163 9345 8991 6716 0 9785 537 
6268 8506 8891 77 3629 6473 1909 1846 4080 2203 3526 9785 0 1862 
4606 9016 2406 5224 3697 3308 7798 2301 5099 6818 5523 537 1862 0 
7
18 50 48 5 61 100 50 
0 1476 280 2289 8491 5772 5906 8712 
1476 0 4481 5614 1569 3911 8261 199 
280 4481 0 2262 5976 3024 4718 2492 
2289 5614 2262 0 471 8518 5868 5315 
8491 1569 5976 471 0 4205 1145 3931 
5772 3911 3024 8518 4205 0 663 848 
5906 8261 4718 5868 1145 663 0 4918 
8712 199 2492 5315 3931 848 4918 0 
2
13 64 
0 7810 6764 
7810 0 2277 
6764 2277 0 
5
22 66 72 91 9 
0 8839 9728 4944 998 3298 
8839 0 4057 8847 5983 562 
9728 4057 0 6437 8017 2310 
4944 8847 6437 0 6076 5895 
998 5983 8017 6076 0 7153 
3298 562 2310 5895 7153 0 
8
79 15 18 62 8 28 51 80 
0 1049 8720 8309 892 1427 9216 4027 9330 
1049 0 9225 5808 5358 7990 501 8846 8076 
8720 9225 0 4115 419 235 5023 6595 5963 
8309 5808 4115 0 9625 1336 2424 9095 4107 
892 5358 419 9625 0 2553 557 3601 141 
1427 7990 235 1336 2553 0 3182 1391 6714 
9216 501 5023 2424 557 3182 0 8472 6921 
4027 8846 6595 9095 3601 1391 8472 0 4671 
9330 8076 5963 4107 141 6714 6921 4671 0 
11
13 73 7 27 69 63 86 85 94 45 39 
0 703 9783 1119 504 9439 3946 5660 2563 1448 4931 3945 
703 0 9045 133 137 5092 2856 7379 2279 1197 1064 4478 
9783 9045 0 2989 3012 9063 6069 4482 9623 8176 8800 2080 
1119 133 2989 0 1792 2915 4055 4716 628 2558 7089 6732 
504 137 3012 1792 0 9027 3614 2838 3717 9196 8565 1937 
9439 5092 9063 2915 9027 0 3240 3941 930 458 8144 3172 
3946 2856 6069 4055 3614 3240 0 8120 3262 2591 9607 3303 
5660 7379 4482 4716 2838 3941 8120 0 7823 1647 2330 1841 
2563 2279 9623 628 3717 930 3262 7823 0 5760 4741 9932 
1448 1197 8176 2558 9196 458 2591 1647 5760 0 4884 1481 
4931 1064 8800 7089 8565 8144 9607 2330 4741 4884 0 6903 
3945 4478 2080 6732 1937 3172 3303 1841 9932 1481 6903 0 
7
29 48 41 74 67 67 25 
0 361 5353 4472 9227 7726 6274 6227 
361 0 6740 8835 7270 2585 789 9035 
5353 6740 0 402 8432 8505 3095 305 
4472 8835 402 0 8710 3636 5847 1551 
9227 7270 8432 8710 0 7622 4068 6875 
7726 2585 8505 3636 7622 0 5796 1111 
6274 789 3095 5847 4068 5796 0 5007 
6227 9035 305 1551 6875 1111 5007 0 
2
82 7 
0 1478 1607 
1478 0 7540 
1607 7540 0 
9
54 29 23 23 98 20 18 26 71 
0 1574 6975 3505 4087 4943 7999 5609 7288 9773 
1574 0 7685 2510 8229 6270 5022 8262 4734 3650 
6975 7685 0 8421 2346 930 9853 7712 8059 3197 
3505 2510 8421 0 9846 8136 8108 3356 4011 6463 
4087 8229 2346 9846 0 8812 5937 2200 6992 4230 
4943 6270 930 8136 8812 0 2855 6986 5723 9124 
7999 5022 9853 8108 5937 2855 0 4316 5681 8018 
5609 8262 7712 3356 2200 6986 4316 0 7811 1280 
7288 4734 8059 4011 6992 5723 5681 7811 0 7964 
9773 3650 3197 6463 4230 9124 8018 1280 7964 0 
5
62 90 51 85 10 
0 2229 4460 6813 8208 1437 
2229 0 3562 3600 8215 3989 
4460 3562 0 6710 6318 837 
6813 3600 6710 0 2947 9872 
8208 8215 6318 2947 0 9500 
1437 3989 837 9872 9500 0 
12
66 58 77 35 50 9 77 43 86 48 70 84 
0 2050 2461 8775 723 9516 6403 4882 6259 2379 2834 6948 7002 
2050 0 3852 4197 8400 4813 5732 3206 5520 2956 859 8981 6653 
2461 3852 0 9019 1610 919 9864 7306 8157 2565 3856 4816 5595 
8775 4197 9019 0 1004 2203 4510 4206 4961 3935 2025 4695 8158 
723 8400 1610 1004 0 1535 4742 5606 2681 9749 426 8635 9519 
9516 4813 919 2203 1535 0 745 8856 6907 4531 5690 3963 2415 
6403 5732 9864 4510 4742 745 0 1183 9737 754 8153 9626 728 
4882 3206 7306 4206 5606 8856 1183 0 6982 696 5281 3129 7403 
6259 5520 8157 4961 2681 6907 9737 6982 0 9132 3333 8925 2197 
2379 2956 2565 3935 9749 4531 754 696 9132 0 7383 3120 9572 
2834 859 3856 2025 426 5690 8153 5281 3333 7383 0 9405 8356 
6948 8981 4816 4695 8635 3963 9626 3129 8925 3120 9405 0 9997 
7002 6653 5595 8158 9519 2415 728 7403 2197 9572 8356 9997 0 
12
8 51 32 81 21 15 76 90 89 28 57 23 
0 1318 4502 9370 7565 9444 246 3095 4696 5596 4960 4150 5935 
1318 0 3300 7209 2796 6386 7678 1595 1099 5495 3414 8189 238 
4502 3300 0 858 843 862 7175 670 1676 9969 2599 3555 7392 
9370 7209 858 0 5361 6811 8398 4751 3901 168 6102 7186 5260 
7565 2796 843 5361 0 370 4495 6117 6780 8382 5633 6058 5422 
9444 6386 862 6811 370 0 3378 2773 5922 1948 3540 5396 6739 
246 7678 7175 8398 4495 3378 0 9788 1876 485 1570 4995 3064 
3095 1595 670 4751 6117 2773 9788 0 2683 8586 9772 8685 1852 
4696 1099 1676 3901 6780 5922 1876 2683 0 61 9479 4561 3557 
5596 5495 9969 168 8382 1948 485 8586 61 0 1727 2763 6093 
4960 3414 2599 6102 5633 3540 1570 9772 9479 1727 0 9900 8105 
4150 8189 3555 7186 6058 5396 4995 8685 4561 2763 9900 0 972 
5935 238 7392 5260 5422 6739 3064 1852 3557 6093 8105 972 0 
1
25 
0 8049 
8049 0 
